{"country":"Slovakia","year":2019,"rpc":17270,"piba":94177,"pib1t":23205,"pib2t":23402,"pib3t":23614,"pib4t":23955,"vpy":2.3,"_id":"0Lf2vAJrkG3oRKFW"}
{"country":"France","year":2019,"rpc":36060,"piba":2418997,"pib1t":599741,"pib2t":603961,"pib3t":607191,"pib4t":608993,"vpy":1.3,"_id":"0n3w3LF7es1hiUWT"}
{"country":"Slovenia","year":2019,"rpc":22980,"piba":48007,"pib1t":11900,"pib2t":11961,"pib3t":12104,"pib4t":12200,"vpy":2.4,"_id":"5JPck0xcrt9yrDSQ"}
{"country":"Spain","year":2019,"rpc":26420,"piba":1244757,"pib1t":306678,"pib2t":310381,"pib3t":311917,"pib4t":315781,"vpy":2,"_id":"9bYm7Ns1IWDXhOsy"}
{"country":"Japan","year":2018,"rpc":33160,"piba":4195748,"pib1t":1142622,"pib2t":1169622,"pib3t":1125686,"pib4t":1104669,"vpy":0.7,"_id":"DB65nLue4yP9J965"}
{"country":"Portugal","year":2019,"rpc":20650,"piba":212254,"pib1t":52641,"pib2t":52666,"pib3t":53256,"pib4t":53691,"vpy":2.2,"_id":"PUk88MJRvG4PaDsr"}
{"country":"Brasil","year":2018,"rpc":7562,"piba":1584004,"pib1t":403131,"pib2t":376765,"pib3t":398160,"pib4t":425216,"vpy":1.3,"_id":"XV5wZyVXRkrPjgwL"}
{"country":"Italia","year":2018,"rpc":29220,"piba":1765421,"pib1t":442365,"pib2t":440953,"pib3t":442171,"pib4t":440378,"vpy":0.8,"_id":"cUXcmNQzvPLcjDrn"}
{"country":"Italia","year":2019,"rpc":29610,"piba":1787664,"pib1t":448217,"pib2t":447673,"pib3t":445847,"pib4t":445572,"vpy":0.3,"_id":"idTT9s9ntCWCQ2cm"}
{"country":"Italia","year":2017,"rpc":28690,"piba":1736602,"pib1t":439706,"pib2t":435928,"pib3t":433200,"pib4t":429565,"vpy":1.7,"_id":"lCWGJ5BTTSRHUYPf"}
{"country":"Denmark","year":2019,"rpc":53370,"piba":310576,"pib1t":78703,"pib2t":78258,"pib3t":77397,"pib4t":76579,"vpy":2.2,"_id":"pYFsgN9qnQrPw7Fs"}
{"country":"Germany","year":2019,"rpc":41350,"piba":3435990,"pib1t":869130,"pib2t":862026,"pib3t":856448,"pib4t":853979,"vpy":0.5,"_id":"zWjidwBBtKNPGa3t"}
{"$$deleted":true,"_id":"0Lf2vAJrkG3oRKFW"}
{"$$deleted":true,"_id":"0n3w3LF7es1hiUWT"}
{"$$deleted":true,"_id":"5JPck0xcrt9yrDSQ"}
{"$$deleted":true,"_id":"9bYm7Ns1IWDXhOsy"}
{"$$deleted":true,"_id":"DB65nLue4yP9J965"}
{"$$deleted":true,"_id":"PUk88MJRvG4PaDsr"}
{"$$deleted":true,"_id":"XV5wZyVXRkrPjgwL"}
{"$$deleted":true,"_id":"cUXcmNQzvPLcjDrn"}
{"$$deleted":true,"_id":"idTT9s9ntCWCQ2cm"}
{"$$deleted":true,"_id":"lCWGJ5BTTSRHUYPf"}
{"$$deleted":true,"_id":"pYFsgN9qnQrPw7Fs"}
{"$$deleted":true,"_id":"zWjidwBBtKNPGa3t"}
{"country":"Spain","year":2019,"rpc":26420,"piba":1244757,"pib1t":306678,"pib2t":310381,"pib3t":311917,"pib4t":315781,"vpy":2,"_id":"D5pZpjgMM3MfWWDE"}
{"country":"Slovenia","year":2019,"rpc":22980,"piba":48007,"pib1t":11900,"pib2t":11961,"pib3t":12104,"pib4t":12200,"vpy":2.4,"_id":"MP91QBI2AkfKAD7w"}
{"country":"Slovakia","year":2019,"rpc":17270,"piba":94177,"pib1t":23205,"pib2t":23402,"pib3t":23614,"pib4t":23955,"vpy":2.3,"_id":"D5r08rAkJbhC67Kk"}
{"country":"Portugal","year":2019,"rpc":20650,"piba":212254,"pib1t":52641,"pib2t":52666,"pib3t":53256,"pib4t":53691,"vpy":2.2,"_id":"DsdN0mTEl58t2L2L"}
{"country":"France","year":2019,"rpc":36060,"piba":2418997,"pib1t":599741,"pib2t":603961,"pib3t":607191,"pib4t":608993,"vpy":1.3,"_id":"qGo2wPSMekQplsTX"}
{"country":"Denmark","year":2019,"rpc":53370,"piba":310576,"pib1t":78703,"pib2t":78258,"pib3t":77397,"pib4t":76579,"vpy":2.2,"_id":"liwiFOhrnVMbtFh5"}
{"country":"Brasil","year":2018,"rpc":7562,"piba":1584004,"pib1t":403131,"pib2t":376765,"pib3t":398160,"pib4t":425216,"vpy":1.3,"_id":"VifdDCsyD7QfMib7"}
{"country":"Germany","year":2019,"rpc":41350,"piba":3435990,"pib1t":869130,"pib2t":862026,"pib3t":856448,"pib4t":853979,"vpy":0.5,"_id":"HoMM1C0ea8l5mGqO"}
{"country":"Japan","year":2018,"rpc":33160,"piba":4195748,"pib1t":1142622,"pib2t":1169622,"pib3t":1125686,"pib4t":1104669,"vpy":0.7,"_id":"R8DiGLEf0iZWfRGI"}
{"country":"Italia","year":2019,"rpc":29610,"piba":1787664,"pib1t":448217,"pib2t":447673,"pib3t":445847,"pib4t":445572,"vpy":0.3,"_id":"X14od3543hi4wPty"}
{"country":"Italia","year":2018,"rpc":29220,"piba":1765421,"pib1t":442365,"pib2t":440953,"pib3t":442171,"pib4t":440378,"vpy":0.8,"_id":"Q2UHmTpKDzqS15wd"}
{"country":"Italia","year":2017,"rpc":28690,"piba":1736602,"pib1t":439706,"pib2t":435928,"pib3t":433200,"pib4t":429565,"vpy":1.7,"_id":"0VYsr2FCo4xO83zJ"}
